[ai]
refresh = 0.5

[avoid]
refresh = 0.25

[beacon]
url = beacon@beacon:4242/get_robots
refresh = 1.0

[gpios]
auto = True
refresh = 0.1

[match]
color1 = yellow
color2 = violet
color = yellow
time = 100
refresh = 0.25

[monitor]
frequency = .5
position_pal = True
position_pmi = True

[tracking]
half_life = 2
hokuyo_scan_pal = False
hokuyo_scan_pmi = False
sharp_map_margin = 50

[pal]
wheel_diam1 = 59.093257904052734
wheel_diam2 = 59.0932579040527
wheels_spacing = 306.19793701171875
pidtrsl_p = 220
pidtrsl_i = 10000000
pidtrsl_d = 8
trsl_acc = 1500
trsl_dec = 600
trsl_max = 1500
pidrot_p = 60000
pidrot_i = 1000
pidrot_d = 10
rot_acc = 10
rot_dec = 10
rot_max = 21
delta_trsl = 100
delta_rot = 0.2
robot_size_x = 241
robot_size_y = 306

[pmi]
wheel_diam1 = 58.63840866088867
wheel_diam2 = 58.63840866088867
wheels_spacing = 212.45716857910156
pidtrsl_p = 400
pidtrsl_i = 1000000
pidtrsl_d = 16
trsl_acc = 1500
trsl_dec = 1000
trsl_max = 600
pidrot_p = 30000
pidrot_i = 1000000
pidrot_d = 70
rot_acc = 30
rot_dec = 30
rot_max = 16
delta_rot = 0.3
delta_trsl = 300
trsl_min = 200
