[rplidar]
min_size = 3
max_distance = 60
radius = 40

[tim]
min_size = 3
max_distance = 45
delta_dist = 150
radius_beacon = 40
refresh = 50

[map]
width = 3000
height = 2000

[match]
color1 = yellow
color2 = purple
duration = 100
stop_delay = 3
robot_size = 195

[pal]
wheel_diam = 48.5
wheel_diam1 = 48.60185
wheel_diam2 = 48.39815
wheel_gain1 = 1
wheel_gain2 = 1
wheels_spacing = 267.52
pidtrsl_p = 220
pidtrsl_i = 10000000
pidtrsl_d = 8
trsl_acc = 600
trsl_dec = 600
trsl_max = 800
pidrot_p = 60000
pidrot_i = 1000
pidrot_d = 10
rot_acc = 10
rot_dec = 10
rot_max = 21
delta_trsl = 200
delta_rot = 0.75
robot_size_x = 120
robot_size_y = 140
robot_size = 195
left_slope1 = -0.008147335225480959
left_intercept1 = -2.5007096814884457
left_slope2 = 0.007724503311257915
left_intercept2 = -11.198477199621347
right_slope1 = -0.0038685588142543994
right_intercept1 = -3.5666901292966853
right_slope2 = -0.00527867129191615
right_intercept2 = -2.79394849153804
telemetry_refresh = 25
dist_to_center = 92

[pmi]
wheel_diam = 48.58
wheel_diam1 = 48.8375
wheel_diam2 = 48.3225
wheel_gain1 = 0.9947
wheel_gain2 = 1.0053
wheels_spacing = 265.55
pidtrsl_p = 220
pidtrsl_i = 10000000
pidtrsl_d = 8
trsl_acc = 600
trsl_dec = 600
trsl_max = 800
pidrot_p = 60000
pidrot_i = 1000
pidrot_d = 10
rot_acc = 10
rot_dec = 10
rot_max = 21
delta_trsl = 200
delta_rot = 0.75
robot_size_x = 120
robot_size_y = 140
robot_size = 195
telemetry_refresh = 25
left_slope1 = -0.017189277830337416
left_intercept1 = -1.3820922106590796
left_slope2 = 0.004839693051613949
left_intercept2 = -13.453968253968428
right_slope1 = -0.003028949858088907
right_intercept1 = -0.8233647429832611
right_slope2 = 0.00663731735519851
right_intercept2 = -6.120479175864766
dist_to_center = 92
