[rplidar]
min_size = 3
max_distance = 60
radius = 40

[tim]
min_size = 3
max_distance = 45
delta_dist = 150
radius_beacon = 40
refresh = 50

[map]
width = 2000
height = 3000

[match]
color1 = blue
color2 = green
duration = 98
stop_delay = 5
robot_size = 195

[pal]
wheel_diam = 48.5
wheel_diam1 = 48.64986360229492
wheel_diam2 = 48.35013639770508
wheel_gain1 = 1
wheel_gain2 = 1
wheels_spacing = 267.52
pidtrsl_p = 220
pidtrsl_i = 10000000
pidtrsl_d = 8
trsl_acc = 600
trsl_dec = 600
trsl_max = 800
pidrot_p = 60000
pidrot_i = 1000
pidrot_d = 10
rot_acc = 10
rot_dec = 10
rot_max = 21
delta_trsl = 200
delta_rot = 0.75
robot_size_x = 120
robot_size_y = 140
robot_size = 195
left_slope1 = 0.07690005188146604
left_intercept1 = -1.450975880204652
left_slope2 = 0.06934296361854574
left_intercept2 = 2.440924575199304
right_slope1 = 0.06763088880072474
right_intercept1 = 5.389112420016012
right_slope2 = 0.07571208159971206
right_intercept2 = 1.2272981285375408
telemetry_refresh = 25
dist_to_center = 126

[pmi]
wheel_diam = 48.58
wheel_diam1 = 48.8375
wheel_diam2 = 48.3225
wheel_gain1 = 0.9947
wheel_gain2 = 1.0053
wheels_spacing = 265.55
pidtrsl_p = 220
pidtrsl_i = 10000000
pidtrsl_d = 8
trsl_acc = 600
trsl_dec = 600
trsl_max = 800
pidrot_p = 60000
pidrot_i = 1000
pidrot_d = 10
rot_acc = 10
rot_dec = 10
rot_max = 21
delta_trsl = 200
delta_rot = 0.75
robot_size_x = 120
robot_size_y = 140
robot_size = 195
telemetry_refresh = 25
left_slope1 = -0.017189277830337416
left_intercept1 = 5.712934151229433
left_slope2 = 0.09870280058188598
left_intercept2 = -8.091230608030308
right_slope1 = 0.12011621448408455
right_intercept1 = 4.366734214300976
right_slope2 = 0.1146223588773258
right_intercept2 = 7.196069851781729
dist_to_center = 126
