[rplidar]
min_size = 3
max_distance = 60
radius = 40

[tim]
min_size = 3
max_distance = 45
delta_dist = 150
radius_beacon = 40
refresh = 50

[map]
width = 2000
height = 3000

[match]
color1 = blue
color2 = yellow
duration = 89
stop_delay = 5
robot_size = 220

[pal]
wheel_diam = 48.58
wheel_diam1 = 48.34315490722656
wheel_diam2 = 48.81684494018555
wheel_gain1 = 0.9947
wheel_gain2 = 1.0053
wheels_spacing = 266.31353471628603
pidtrsl_p = 220
pidtrsl_i = 10000000
pidtrsl_d = 8
trsl_acc = 800
trsl_dec = 800
trsl_max = 1000
pidrot_p = 60000
pidrot_i = 1000
pidrot_d = 10
rot_acc = 10
rot_dec = 10
rot_max = 21
delta_trsl = 200
delta_rot = 0.75
robot_size_x = 130
robot_size_y = 140
robot_size = 195
telemetry_refresh = 25
dist_recal_sensors_to_center = 123
left_recal_points  = [[100.0, 100], [203.2, 200], [525.7, 500], [798.0, 750], [1066.3, 1000]]
right_recal_points = [[102.5, 100], [209.9, 200], [535.6, 500], [807.7, 750], [1079.4, 1000]]
