[rplidar]
min_size = 3
max_distance = 60
radius = 40

[tim]
min_size = 3
max_distance = 45
delta_dist = 150
radius_beacon = 40
refresh = 50

[map]
width = 2000
height = 3000

[match]
color1 = blue
color2 = green
duration = 98
stop_delay = 5
robot_size = 220

[pal]
wheel_diam = 48.5
wheel_diam1 = 48.71776580810547
wheel_diam2 = 48.28223419189453
wheel_gain1 = 1
wheel_gain2 = 1
wheels_spacing = 267.52
pidtrsl_p = 220
pidtrsl_i = 10000000
pidtrsl_d = 8
trsl_acc = 800
trsl_dec = 800
trsl_max = 1000
pidrot_p = 60000
pidrot_i = 1000
pidrot_d = 10
rot_acc = 10
rot_dec = 10
rot_max = 21
delta_trsl = 200
delta_rot = 0.75
robot_size_x = 130
robot_size_y = 140
robot_size = 195
left_slope1 = 0.06629816583758061
left_intercept1 = 4.488176722515533
left_slope2 = 0.07179876773040594
left_intercept2 = 1.655366747710481
right_slope1 = 0.08089822077089756
right_intercept1 = 1.7849203975544938
right_slope2 = 0.08640381413549525
right_intercept2 = -1.0504601852133177
telemetry_refresh = 25
dist_to_center = 126

[pmi]
wheel_diam = 48.58
wheel_diam1 = 48.6706313996601
wheel_diam2 = 48.48936844775201
wheel_gain1 = 0.9947
wheel_gain2 = 1.0053
wheels_spacing = 268.39856026750425
pidtrsl_p = 220
pidtrsl_i = 10000000
pidtrsl_d = 8
trsl_acc = 800
trsl_dec = 800
trsl_max = 1000
pidrot_p = 60000
pidrot_i = 1000
pidrot_d = 10
rot_acc = 10
rot_dec = 10
rot_max = 21
delta_trsl = 200
delta_rot = 0.75
robot_size_x = 130
robot_size_y = 140
robot_size = 195
telemetry_refresh = 25
left_slope1 = 0.07923606067079668
left_intercept1 = 10.062253079826306
left_slope2 = 0.08789127272357329
left_intercept2 = 5.604818872646348
right_slope1 = 0.12011621448408455
right_intercept1 = 4.366734214300976
right_slope2 = 0.1146223588773258
right_intercept2 = 7.196069851781729
dist_to_center = 126
