[rplidar]
min_size = 3
max_distance = 60
radius = 40

[tim]
min_size = 3
max_distance = 45
delta_dist = 150
radius_beacon = 40
refresh = 50

[map]
width = 3000
height = 2000

[match]
color1 = blue
color2 = yellow
duration = 100
stop_delay = 3
robot_size = 195

[pal]
wheel_diam = 48.4
wheel_diam1 = 48.62748
wheel_diam2 = 48.17252
wheel_gain1 = 1.0047
wheel_gain2 = 0.9953
wheels_spacing = 265.4
pidtrsl_p = 220
pidtrsl_i = 10000000
pidtrsl_d = 8
trsl_acc = 750
trsl_dec = 750
trsl_max = 1000
pidrot_p = 60000
pidrot_i = 1000
pidrot_d = 10
rot_acc = 10
rot_dec = 10
rot_max = 21
delta_trsl = 200
delta_rot = 0.75
robot_size_x = 120
robot_size_y = 140
robot_size = 195
telemetry_refresh = 25
left_slope1 = 0.013718436231574151
left_intercept1 = -9.425434736167416
left_slope2 = 0.005672167951680907
left_intercept2 = -7.57479303179197
right_slope1 = -0.026389758927251487
right_intercept1 = -12.427954250406621
right_slope2 = 0.0026722184459421526
right_intercept2 = -19.11220904624116

[pmi]
wheel_diam = 48.4
wheel_diam1 = 48.3876308
wheel_diam2 = 48.5815692
wheel_gain1 = 0.998
wheel_gain2 = 1.002
wheels_spacing = 266.75
pidtrsl_p = 220
pidtrsl_i = 10000000
pidtrsl_d = 8
trsl_acc = 1000
trsl_dec = 1000
trsl_max = 1500
pidrot_p = 60000
pidrot_i = 1000
pidrot_d = 10
rot_acc = 10
rot_dec = 10
rot_max = 21
delta_trsl = 200
delta_rot = 0.75
robot_size_x = 120
robot_size_y = 140
robot_size = 195
telemetry_refresh = 25
left_slope1 = -0.010370039274973937
left_intercept1 = -11.426721772139402
left_slope2 = 0.0058183371851390575
left_intercept2 = -15.150048357965392
right_slope1 = -0.009957767078040657
right_intercept1 = -11.858429658356986
right_slope2 = 0.010676724087704693
right_intercept2 = -16.604362626478416
