[rplidar]
min_size = 3
max_distance = 60
radius = 40

[tim]
min_size = 3
max_distance = 45
delta_dist = 150
radius_beacon = 40
refresh = 50

[map]
width = 2000
height = 3000

[match]
color1 = blue
color2 = green
duration = 98
stop_delay = 5
robot_size = 220

[pal]
wheel_diam = 48.58
wheel_diam1 = 48.6706313996601
wheel_diam2 = 48.48936844775201
wheel_gain1 = 0.9947
wheel_gain2 = 1.0053
wheels_spacing = 268.39856026750425
pidtrsl_p = 220
pidtrsl_i = 10000000
pidtrsl_d = 8
trsl_acc = 800
trsl_dec = 800
trsl_max = 1000
pidrot_p = 60000
pidrot_i = 1000
pidrot_d = 10
rot_acc = 10
rot_dec = 10
rot_max = 21
delta_trsl = 200
delta_rot = 0.75
robot_size_x = 130
robot_size_y = 140
robot_size = 195
telemetry_refresh = 25
dist_to_center = 126
left_recal_points  = [[216.47, 200], [429.70, 400], [755.96, 700], [1081.19, 1000]]
right_recal_points = [[221.76, 200], [450.37, 400], [792.35, 700], [1139.48, 1000]]
